raspberrypi-kernel = 1.20180313-1
raspberrypi-firmware = 1.20180313-1
libraspberrypi0 = 1.20180313-1
libraspberrypi-doc = 1.20180313-1
libraspberrypi-dev = 1.20180313-1
raspberrypi-kernel = 1.20180313-1
raspberrypi-bootloader = 1.20180313-1
libraspberrypi-bin = 1.20180313-1
raspberrypi-kernel-headers = 1.20180313-1
